0.002  0.0127626
0.004  0.0189048
0.006  0.0249305
0.008  0.0307651
0.01  0.0364351
0.012  0.0421068
0.014  0.0525306
0.016  0.0575853
0.018  0.0625569
0.02  0.0674075
0.022  0.07238
0.024  0.081833
0.026  0.0861903
0.028  0.0904833
0.03  0.0946784
0.032  0.0989617
0.034  0.107607
0.036  0.11138
0.038  0.1151
0.04  0.118738
0.042  0.122471
0.044  0.130415
0.046  0.13368
0.048  0.136902
0.05  0.140052
0.052  0.143274
0.054  0.150596
0.056  0.153411
0.058  0.156192
0.06  0.158909
0.062  0.161725
0.064  0.168488
0.066  0.170903
0.068  0.173289
0.07  0.17562
0.072  0.178008
0.074  0.184268
0.076  0.186324
0.078  0.188357
0.08  0.190342
0.082  0.192446
0.084  0.198249
0.086  0.199982
0.088  0.201697
0.09  0.20337
0.092  0.205106
0.094  0.210498
0.096  0.211941
0.098  0.21337
0.1  0.214763
0.102  0.21625
0.104  0.221267
0.106  0.222449
0.108  0.223622
0.11  0.224763
0.112  0.225971
0.114  0.23065
0.116  0.231598
0.118  0.232541
0.12  0.233456
0.122  0.234488
0.124  0.238859
0.126  0.239596
0.128  0.240331
0.13  0.241043
0.132  0.241821
0.134  0.245912
0.136  0.246461
0.138  0.247011
0.14  0.247541
0.142  0.248177
0.144  0.252015
0.146  0.252394
0.148  0.252777
0.15  0.253143
0.152  0.253569
0.154  0.257177
0.156  0.257405
0.158  0.257639
0.16  0.257859
0.162  0.258168
0.164  0.261567
0.166  0.261659
0.168  0.261759
0.17  0.261849
0.172  0.262005
0.174  0.265214
0.176  0.265185
0.178  0.265166
0.18  0.265138
0.182  0.265203
0.184  0.268239
0.186  0.268102
0.188  0.267976
0.19  0.267844
0.192  0.267785
0.194  0.270663
0.196  0.270429
0.198  0.270208
0.2  0.269982
0.202  0.269854
0.204  0.272588
0.206  0.272268
0.208  0.271961
0.21  0.271652
0.212  0.27142
0.214  0.274024
0.216  0.273626
0.218  0.273244
0.22  0.272861
0.222  0.272581
0.224  0.275065
0.226  0.274599
0.228  0.27415
0.23  0.273701
0.232  0.273322
0.234  0.275696
0.236  0.27517
0.238  0.274661
0.24  0.274153
0.242  0.273759
0.244  0.276034
0.246  0.275453
0.248  0.274891
0.25  0.274332
0.252  0.273846
0.254  0.276029
0.256  0.275401
0.258  0.274793
0.26  0.274188
0.262  0.273686
0.264  0.275785
0.266  0.275115
0.268  0.274466
0.27  0.27382
0.272  0.273245
0.274  0.275267
0.276  0.274561
0.278  0.273875
0.28  0.273195
0.282  0.272614
0.284  0.274565
0.286  0.273827
0.288  0.27311
0.29  0.272399
0.292  0.271753
0.294  0.273639
0.296  0.272873
0.298  0.272129
0.3  0.271391
0.302  0.27076
0.304  0.272586
0.306  0.271796
0.308  0.271028
0.31  0.270266
0.312  0.269569
0.314  0.27134
0.316  0.270529
0.318  0.269741
0.32  0.268959
0.322  0.268284
0.324  0.270004
0.326  0.269175
0.328  0.268369
0.33  0.26757
0.332  0.266836
0.334  0.268508
0.336  0.267664
0.338  0.266843
0.34  0.26603
0.342  0.265318
0.344  0.266946
0.346  0.26609
0.348  0.265256
0.35  0.26443
0.352  0.263665
0.354  0.265253
0.356  0.264386
0.358  0.263542
0.36  0.262706
0.362  0.26198
0.364  0.26353
0.366  0.262654
0.368  0.261801
0.37  0.260957
0.372  0.260175
0.374  0.26169
0.376  0.260807
0.378  0.259948
0.38  0.259098
0.382  0.258343
0.384  0.259824
0.386  0.258936
0.388  0.258071
0.39  0.257216
0.392  0.256416
0.394  0.257866
0.396  0.256975
0.398  0.256107
0.4  0.255248
0.402  0.254483
0.404  0.255904
0.406  0.255011
0.408  0.25414
0.41  0.253279
0.412  0.252475
0.414  0.253869
0.416  0.252974
0.418  0.252102
0.42  0.25124
0.422  0.250472
0.424  0.25184
0.426  0.250945
0.428  0.250072
0.43  0.249209
0.432  0.2484
0.434  0.249744
0.436  0.24885
0.438  0.247978
0.44  0.247116
0.442  0.24635
0.444  0.247671
0.446  0.246778
0.448  0.245907
0.45  0.245046
0.452  0.244244
0.454  0.245543
0.456  0.244652
0.458  0.243783
0.46  0.242924
0.462  0.24216
0.464  0.243437
0.466  0.242549
0.468  0.241683
0.47  0.240826
0.472  0.240024
0.474  0.241282
0.476  0.240397
0.478  0.239534
0.48  0.238681
0.482  0.237919
0.484  0.239158
0.486  0.238276
0.488  0.237417
0.49  0.236567
0.492  0.235774
0.494  0.236994
0.496  0.236117
0.498  0.235262
0.5  0.234417
0.502  0.233657
0.504  0.234861
0.506  0.233988
0.508  0.233138
0.51  0.232297
0.512  0.231513
0.514  0.2327
0.516  0.231832
0.518  0.230987
0.52  0.230151
0.522  0.229406
0.524  0.230576
0.526  0.229714
0.528  0.228873
0.53  0.228042
0.532  0.227261
0.534  0.228416
0.536  0.227559
0.538  0.226724
0.54  0.225899
0.542  0.225163
0.544  0.226302
0.546  0.225452
0.548  0.224622
0.55  0.223802
0.552  0.223035
0.554  0.224161
0.556  0.223316
0.558  0.222493
0.56  0.221679
0.562  0.220952
0.564  0.222063
0.566  0.221225
0.568  0.220407
0.57  0.219599
0.572  0.218843
0.574  0.21994
0.576  0.219108
0.578  0.218297
0.58  0.217495
0.582  0.216778
0.584  0.217862
0.586  0.217037
0.588  0.216231
0.59  0.215435
0.592  0.214686
0.594  0.215757
0.596  0.214938
0.598  0.21414
0.6  0.213351
0.602  0.212644
0.604  0.213703
0.606  0.212891
0.608  0.212099
0.61  0.211316
0.612  0.210582
0.614  0.211629
0.616  0.210823
0.618  0.210038
0.62  0.209262
0.622  0.208565
0.624  0.2096
0.626  0.208801
0.628  0.208022
0.63  0.207252
0.632  0.206527
0.634  0.20755
0.636  0.206759
0.638  0.205987
0.64  0.205224
0.642  0.204542
0.644  0.205553
0.646  0.204768
0.648  0.204003
0.65  0.203247
0.652  0.202537
0.654  0.203538
0.656  0.20276
0.658  0.202001
0.66  0.201251
0.662  0.200582
0.664  0.201572
0.666  0.2008
0.668  0.200048
0.67  0.199305
0.672  0.198607
0.674  0.199586
0.676  0.198822
0.678  0.198077
0.68  0.19734
0.682  0.196678
0.684  0.197646
0.686  0.196889
0.688  0.196151
0.69  0.195421
0.692  0.194735
0.694  0.195693
0.696  0.194943
0.698  0.194212
0.7  0.193489
0.702  0.192842
0.704  0.19379
0.706  0.193047
0.708  0.192322
0.71  0.191605
0.712  0.190931
0.714  0.191869
0.716  0.191133
0.718  0.190415
0.72  0.189705
0.722  0.189071
0.724  0.189998
0.726  0.189269
0.728  0.188557
0.73  0.187854
0.732  0.187198
0.734  0.188116
0.736  0.187393
0.738  0.186689
0.74  0.185993
0.742  0.185367
0.744  0.186275
0.746  0.185559
0.748  0.184861
0.75  0.184171
0.752  0.183521
0.754  0.18442
0.756  0.183711
0.758  0.18302
0.76  0.182337
0.762  0.181726
0.764  0.182616
0.766  0.181914
0.768  0.181229
0.77  0.180553
0.772  0.179917
0.774  0.180797
0.776  0.180102
0.778  0.179424
0.78  0.178754
0.782  0.17815
0.784  0.179022
0.786  0.178333
0.788  0.177661
0.79  0.176998
0.792  0.176376
0.794  0.177239
0.796  0.176557
0.798  0.175892
0.8  0.175235
0.802  0.174645
0.804  0.175499
0.806  0.174823
0.808  0.174164
0.81  0.173514
0.812  0.172903
0.814  0.173748
0.816  0.173079
0.818  0.172427
0.82  0.171782
0.822  0.171204
0.824  0.172041
0.826  0.171378
0.828  0.170732
0.83  0.170094
0.832  0.169495
0.834  0.170323
0.836  0.169667
0.838  0.169028
0.84  0.168396
0.842  0.167829
0.844  0.168648
0.846  0.167999
0.848  0.167365
0.85  0.166739
0.852  0.166151
0.854  0.166963
0.856  0.16632
0.858  0.165692
0.86  0.165073
0.862  0.164516
0.864  0.165319
0.866  0.164682
0.868  0.164061
0.87  0.163447
0.872  0.162871
0.874  0.163666
0.876  0.163036
0.878  0.162421
0.88  0.161813
0.882  0.161266
0.884  0.162053
0.886  0.161429
0.888  0.16082
0.89  0.160218
0.892  0.159654
0.894  0.160433
0.896  0.159815
0.898  0.159212
0.9  0.158616
0.902  0.15808
0.904  0.158851
0.906  0.158239
0.908  0.157642
0.91  0.157052
0.912  0.156499
0.914  0.157262
0.916  0.156656
0.918  0.156065
0.92  0.155481
0.922  0.154958
0.924  0.155713
0.926  0.155113
0.928  0.154528
0.93  0.153949
0.932  0.153408
0.934  0.154156
0.936  0.153562
0.938  0.152982
0.94  0.15241
0.942  0.151894
0.944  0.152635
0.946  0.152046
0.948  0.151472
0.95  0.150905
0.952  0.150372
0.954  0.151105
0.956  0.150523
0.958  0.149955
0.96  0.149393
0.962  0.14889
0.964  0.149615
0.966  0.149039
0.968  0.148476
0.97  0.14792
0.972  0.147398
0.974  0.148117
0.976  0.147546
0.978  0.146989
0.98  0.146439
0.982  0.145946
0.984  0.146658
0.986  0.146092
0.988  0.145541
0.99  0.144996
0.992  0.144483
0.994  0.145188
0.996  0.144628
0.998  0.144082
1  0.143543
