0.002  0.012224
0.004  0.0183802
0.006  0.024417
0.008  0.0302621
0.01  0.0359416
0.012  0.0414752
0.014  0.0519257
0.016  0.0569967
0.018  0.0619827
0.02  0.066846
0.022  0.0716055
0.024  0.08109
0.026  0.0854676
0.028  0.0897788
0.03  0.0939905
0.032  0.098119
0.034  0.106797
0.036  0.110592
0.038  0.114333
0.04  0.117988
0.042  0.121572
0.044  0.129548
0.046  0.132834
0.048  0.136077
0.05  0.139245
0.052  0.142356
0.054  0.149708
0.056  0.152545
0.058  0.155346
0.06  0.158082
0.062  0.160764
0.064  0.167556
0.066  0.169993
0.068  0.172398
0.07  0.174748
0.072  0.177054
0.074  0.183342
0.076  0.185419
0.078  0.187471
0.08  0.189473
0.082  0.191436
0.084  0.197267
0.086  0.199021
0.088  0.200755
0.09  0.202447
0.092  0.204107
0.094  0.209526
0.096  0.210989
0.098  0.212438
0.1  0.213849
0.102  0.21523
0.104  0.220275
0.106  0.221477
0.108  0.222669
0.11  0.223829
0.112  0.224967
0.114  0.229672
0.116  0.23064
0.118  0.231602
0.12  0.232535
0.122  0.233447
0.124  0.237844
0.126  0.238602
0.128  0.239356
0.13  0.240086
0.132  0.240803
0.134  0.24492
0.136  0.245489
0.138  0.246058
0.14  0.246605
0.142  0.247139
0.144  0.251003
0.146  0.251402
0.148  0.251804
0.15  0.252188
0.152  0.252565
0.154  0.256198
0.156  0.256446
0.158  0.256698
0.16  0.256936
0.162  0.257166
0.164  0.260589
0.166  0.2607
0.168  0.260819
0.17  0.260926
0.172  0.26103
0.174  0.264263
0.176  0.264252
0.178  0.264251
0.18  0.26424
0.182  0.264226
0.184  0.267286
0.186  0.267166
0.188  0.267058
0.19  0.266942
0.192  0.266828
0.194  0.26973
0.196  0.269513
0.198  0.26931
0.2  0.2691
0.202  0.268892
0.204  0.271649
0.206  0.271346
0.208  0.271057
0.21  0.270765
0.212  0.270477
0.214  0.273103
0.216  0.272723
0.218  0.272358
0.22  0.271991
0.222  0.271628
0.224  0.274134
0.226  0.273686
0.228  0.273253
0.23  0.272821
0.232  0.272395
0.234  0.274792
0.236  0.274282
0.238  0.27379
0.24  0.273299
0.242  0.272813
0.244  0.27511
0.246  0.274547
0.248  0.274002
0.25  0.273458
0.252  0.272924
0.254  0.275129
0.256  0.274518
0.258  0.273927
0.26  0.273337
0.262  0.272756
0.264  0.274877
0.266  0.274224
0.268  0.273591
0.27  0.272962
0.272  0.272343
0.274  0.274387
0.276  0.273697
0.278  0.273028
0.28  0.272363
0.282  0.271707
0.284  0.27368
0.286  0.272959
0.288  0.272258
0.29  0.271562
0.292  0.270878
0.294  0.272785
0.296  0.272035
0.298  0.271307
0.3  0.270584
0.302  0.269871
0.304  0.271718
0.306  0.270944
0.308  0.270192
0.31  0.269445
0.312  0.268712
0.314  0.270503
0.316  0.269708
0.318  0.268935
0.32  0.268168
0.322  0.267413
0.324  0.269153
0.326  0.26834
0.328  0.267549
0.33  0.266765
0.332  0.265995
0.334  0.267687
0.336  0.266859
0.338  0.266053
0.34  0.265254
0.342  0.264467
0.344  0.266116
0.346  0.265275
0.348  0.264456
0.35  0.263645
0.352  0.262848
0.354  0.264455
0.356  0.263604
0.358  0.262774
0.36  0.261953
0.362  0.261144
0.364  0.262713
0.366  0.261852
0.368  0.261014
0.37  0.260185
0.372  0.259369
0.374  0.260903
0.376  0.260035
0.378  0.25919
0.38  0.258354
0.382  0.25753
0.384  0.25903
0.386  0.258157
0.388  0.257307
0.39  0.256465
0.392  0.255638
0.394  0.257107
0.396  0.256231
0.398  0.255376
0.4  0.254531
0.402  0.253698
0.404  0.255138
0.406  0.254259
0.408  0.253402
0.41  0.252554
0.412  0.251721
0.414  0.253133
0.416  0.252252
0.418  0.251393
0.42  0.250544
0.422  0.249707
0.424  0.251093
0.426  0.250212
0.428  0.249353
0.43  0.248503
0.432  0.247668
0.434  0.249029
0.436  0.248148
0.438  0.24729
0.44  0.24644
0.442  0.245604
0.444  0.246942
0.446  0.246062
0.448  0.245204
0.45  0.244356
0.452  0.243523
0.454  0.244838
0.456  0.243961
0.458  0.243105
0.46  0.242258
0.462  0.241425
0.464  0.24272
0.466  0.241844
0.468  0.240991
0.47  0.240147
0.472  0.239318
0.474  0.240593
0.476  0.239721
0.478  0.238871
0.48  0.23803
0.482  0.237202
0.484  0.238457
0.486  0.237589
0.488  0.236742
0.49  0.235905
0.492  0.235082
0.494  0.236319
0.496  0.235455
0.498  0.234612
0.5  0.233779
0.502  0.232959
0.504  0.234178
0.506  0.233318
0.508  0.23248
0.51  0.231651
0.512  0.230836
0.514  0.232039
0.516  0.231184
0.518  0.230351
0.52  0.229526
0.522  0.228715
0.524  0.229902
0.526  0.229052
0.528  0.228223
0.53  0.227404
0.532  0.226599
0.534  0.22777
0.536  0.226925
0.538  0.226102
0.54  0.225288
0.542  0.224487
0.544  0.225642
0.546  0.224804
0.548  0.223986
0.55  0.223178
0.552  0.222383
0.554  0.223524
0.556  0.222691
0.558  0.221879
0.56  0.221077
0.562  0.220286
0.564  0.221413
0.566  0.220587
0.568  0.219781
0.57  0.218984
0.572  0.218201
0.574  0.219314
0.576  0.218493
0.578  0.217693
0.58  0.216903
0.582  0.216124
0.584  0.217224
0.586  0.21641
0.588  0.215616
0.59  0.214831
0.592  0.21406
0.594  0.215147
0.596  0.214339
0.598  0.213552
0.6  0.212773
0.602  0.212007
0.604  0.213081
0.606  0.21228
0.608  0.211499
0.61  0.210727
0.612  0.209968
0.614  0.211029
0.616  0.210235
0.618  0.209461
0.62  0.208695
0.622  0.207941
0.624  0.20899
0.626  0.208203
0.628  0.207435
0.63  0.206676
0.632  0.20593
0.634  0.206967
0.636  0.206186
0.638  0.205425
0.64  0.204672
0.642  0.203931
0.644  0.204957
0.646  0.204183
0.648  0.203429
0.65  0.202682
0.652  0.201949
0.654  0.202964
0.656  0.202197
0.658  0.201448
0.66  0.200709
0.662  0.199981
0.664  0.200984
0.666  0.200224
0.668  0.199483
0.67  0.19875
0.672  0.198029
0.674  0.199022
0.676  0.198268
0.678  0.197534
0.68  0.196807
0.682  0.196092
0.684  0.197074
0.686  0.196328
0.688  0.1956
0.69  0.19488
0.692  0.194172
0.694  0.195144
0.696  0.194404
0.698  0.193683
0.7  0.19297
0.702  0.192268
0.704  0.193229
0.706  0.192496
0.708  0.191781
0.71  0.191074
0.712  0.19038
0.714  0.191331
0.716  0.190605
0.718  0.189897
0.72  0.189197
0.722  0.188508
0.724  0.189449
0.726  0.188729
0.728  0.188028
0.73  0.187334
0.732  0.186653
0.734  0.187584
0.736  0.186871
0.738  0.186176
0.74  0.18549
0.742  0.184814
0.744  0.185735
0.746  0.185029
0.748  0.184341
0.75  0.18366
0.752  0.182992
0.754  0.183903
0.756  0.183204
0.758  0.182523
0.76  0.181849
0.762  0.181185
0.764  0.182088
0.766  0.181395
0.768  0.18072
0.77  0.180052
0.772  0.179396
0.774  0.180289
0.776  0.179604
0.778  0.178935
0.78  0.178274
0.782  0.177623
0.784  0.178507
0.786  0.177828
0.788  0.177165
0.79  0.176511
0.792  0.175867
0.794  0.176742
0.796  0.176069
0.798  0.175413
0.8  0.174765
0.802  0.174127
0.804  0.174993
0.806  0.174326
0.808  0.173677
0.81  0.173035
0.812  0.172404
0.814  0.173261
0.816  0.172601
0.818  0.171958
0.82  0.171322
0.822  0.170696
0.824  0.171544
0.826  0.170891
0.828  0.170254
0.83  0.169624
0.832  0.169005
0.834  0.169845
0.836  0.169198
0.838  0.168567
0.84  0.167943
0.842  0.16733
0.844  0.168161
0.846  0.16752
0.848  0.166896
0.85  0.166278
0.852  0.165671
0.854  0.166494
0.856  0.16586
0.858  0.165241
0.86  0.164629
0.862  0.164028
0.864  0.164842
0.866  0.164214
0.868  0.163601
0.87  0.162996
0.872  0.162401
0.874  0.163207
0.876  0.162585
0.878  0.161978
0.88  0.161379
0.882  0.160789
0.884  0.161587
0.886  0.160971
0.888  0.16037
0.89  0.159777
0.892  0.159193
0.894  0.159983
0.896  0.159373
0.898  0.158779
0.9  0.158191
0.902  0.157612
0.904  0.158394
0.906  0.157791
0.908  0.157202
0.91  0.15662
0.912  0.156048
0.914  0.156822
0.916  0.156224
0.918  0.155641
0.92  0.155065
0.922  0.154498
0.924  0.155264
0.926  0.154672
0.928  0.154095
0.93  0.153524
0.932  0.152963
0.934  0.153722
0.936  0.153136
0.938  0.152564
0.94  0.151999
0.942  0.151443
0.944  0.152194
0.946  0.151614
0.948  0.151048
0.95  0.150489
0.952  0.149939
0.954  0.150683
0.956  0.150108
0.958  0.149548
0.96  0.148994
0.962  0.148449
0.964  0.149185
0.966  0.148616
0.968  0.148061
0.97  0.147513
0.972  0.146974
0.974  0.147702
0.976  0.147139
0.978  0.14659
0.98  0.146047
0.982  0.145512
0.984  0.146234
0.986  0.145676
0.988  0.145132
0.99  0.144595
0.992  0.144066
0.994  0.144781
0.996  0.144228
0.998  0.14369
1  0.143158
