0.002	0.0127626	0.012224
0.004	0.0189048	0.0183802
0.006	0.0249305	0.024417
0.008	0.0307651	0.0302621
0.01	0.0364351	0.0359416
0.012	0.0421068	0.0414752
0.014	0.0525306	0.0519257
0.016	0.0575853	0.0569967
0.018	0.0625569	0.0619827
0.02	0.0674075	0.066846
0.022	0.07238		0.0716055
0.024	0.081833	0.08109
0.026	0.0861903	0.0854676
0.028	0.0904833	0.0897788
0.03	0.0946784	0.0939905
0.032	0.0989617	0.098119
0.034	0.107607	0.106797
0.036	0.11138		0.110592
0.038	0.1151		0.114333
0.04	0.118738	0.117988
0.042	0.122471	0.121572
0.044	0.130415	0.129548
0.046	0.13368		0.132834
0.048	0.136902	0.136077
0.05	0.140052	0.139245
0.052	0.143274	0.142356
0.054	0.150596	0.149708
0.056	0.153411	0.152545
0.058	0.156192	0.155346
0.06	0.158909	0.158082
0.062	0.161725	0.160764
0.064	0.168488	0.167556
0.066	0.170903	0.169993
0.068	0.173289	0.172398
0.07	0.17562		0.174748
0.072	0.178008	0.177054
0.074	0.184268	0.183342
0.076	0.186324	0.185419
0.078	0.188357	0.187471
0.08	0.190342	0.189473
0.082	0.192446	0.191436
0.084	0.198249	0.197267
0.086	0.199982	0.199021
0.088	0.201697	0.200755
0.09	0.20337		0.202447
0.092	0.205106	0.204107
0.094	0.210498	0.209526
0.096	0.211941	0.210989
0.098	0.21337		0.212438
0.1	0.214763	0.213849
0.102	0.21625		0.21523
0.104	0.221267	0.220275
0.106	0.222449	0.221477
0.108	0.223622	0.222669
0.11	0.224763	0.223829
0.112	0.225971	0.224967
0.114	0.23065		0.229672
0.116	0.231598	0.23064
0.118	0.232541	0.231602
0.12	0.233456	0.232535
0.122	0.234488	0.233447
0.124	0.238859	0.237844
0.126	0.239596	0.238602
0.128	0.240331	0.239356
0.13	0.241043	0.240086
0.132	0.241821	0.240803
0.134	0.245912	0.24492
0.136	0.246461	0.245489
0.138	0.247011	0.246058
0.14	0.247541	0.246605
0.142	0.248177	0.247139
0.144	0.252015	0.251003
0.146	0.252394	0.251402
0.148	0.252777	0.251804
0.15	0.253143	0.252188
0.152	0.253569	0.252565
0.154	0.257177	0.256198
0.156	0.257405	0.256446
0.158	0.257639	0.256698
0.16	0.257859	0.256936
0.162	0.258168	0.257166
0.164	0.261567	0.260589
0.166	0.261659	0.2607
0.168	0.261759	0.260819
0.17	0.261849	0.260926
0.172	0.262005	0.26103
0.174	0.265214	0.264263
0.176	0.265185	0.264252
0.178	0.265166	0.264251
0.18	0.265138	0.26424
0.182	0.265203	0.264226
0.184	0.268239	0.267286
0.186	0.268102	0.267166
0.188	0.267976	0.267058
0.19	0.267844	0.266942
0.192	0.267785	0.266828
0.194	0.270663	0.26973
0.196	0.270429	0.269513
0.198	0.270208	0.26931
0.2	0.269982	0.2691
0.202	0.269854	0.268892
0.204	0.272588	0.271649
0.206	0.272268	0.271346
0.208	0.271961	0.271057
0.21	0.271652	0.270765
0.212	0.27142		0.270477
0.214	0.274024	0.273103
0.216	0.273626	0.272723
0.218	0.273244	0.272358
0.22	0.272861	0.271991
0.222	0.272581	0.271628
0.224	0.275065	0.274134
0.226	0.274599	0.273686
0.228	0.27415		0.273253
0.23	0.273701	0.272821
0.232	0.273322	0.272395
0.234	0.275696	0.274792
0.236	0.27517		0.274282
0.238	0.274661	0.27379
0.24	0.274153	0.273299
0.242	0.273759	0.272813
0.244	0.276034	0.27511
0.246	0.275453	0.274547
0.248	0.274891	0.274002
0.25	0.274332	0.273458
0.252	0.273846	0.272924
0.254	0.276029	0.275129
0.256	0.275401	0.274518
0.258	0.274793	0.273927
0.26	0.274188	0.273337
0.262	0.273686	0.272756
0.264	0.275785	0.274877
0.266	0.275115	0.274224
0.268	0.274466	0.273591
0.27	0.27382		0.272962
0.272	0.273245	0.272343
0.274	0.275267	0.274387
0.276	0.274561	0.273697
0.278	0.273875	0.273028
0.28	0.273195	0.272363
0.282	0.272614	0.271707
0.284	0.274565	0.27368
0.286	0.273827	0.272959
0.288	0.27311		0.272258
0.29	0.272399	0.271562
0.292	0.271753	0.270878
0.294	0.273639	0.272785
0.296	0.272873	0.272035
0.298	0.272129	0.271307
0.3	0.271391	0.270584
0.302	0.27076		0.269871
0.304	0.272586	0.271718
0.306	0.271796	0.270944
0.308	0.271028	0.270192
0.31	0.270266	0.269445
0.312	0.269569	0.268712
0.314	0.27134		0.270503
0.316	0.270529	0.269708
0.318	0.269741	0.268935
0.32	0.268959	0.268168
0.322	0.268284	0.267413
0.324	0.270004	0.269153
0.326	0.269175	0.26834
0.328	0.268369	0.267549
0.33	0.26757		0.266765
0.332	0.266836	0.265995
0.334	0.268508	0.267687
0.336	0.267664	0.266859
0.338	0.266843	0.266053
0.34	0.26603		0.265254
0.342	0.265318	0.264467
0.344	0.266946	0.266116
0.346	0.26609		0.265275
0.348	0.265256	0.264456
0.35	0.26443		0.263645
0.352	0.263665	0.262848
0.354	0.265253	0.264455
0.356	0.264386	0.263604
0.358	0.263542	0.262774
0.36	0.262706	0.261953
0.362	0.26198		0.261144
0.364	0.26353		0.262713
0.366	0.262654	0.261852
0.368	0.261801	0.261014
0.37	0.260957	0.260185
0.372	0.260175	0.259369
0.374	0.26169		0.260903
0.376	0.260807	0.260035
0.378	0.259948	0.25919
0.38	0.259098	0.258354
0.382	0.258343	0.25753
0.384	0.259824	0.25903
0.386	0.258936	0.258157
0.388	0.258071	0.257307
0.39	0.257216	0.256465
0.392	0.256416	0.255638
0.394	0.257866	0.257107
0.396	0.256975	0.256231
0.398	0.256107	0.255376
0.4	0.255248	0.254531
0.402	0.254483	0.253698
0.404	0.255904	0.255138
0.406	0.255011	0.254259
0.408	0.25414		0.253402
0.41	0.253279	0.252554
0.412	0.252475	0.251721
0.414	0.253869	0.253133
0.416	0.252974	0.252252
0.418	0.252102	0.251393
0.42	0.25124		0.250544
0.422	0.250472	0.249707
0.424	0.25184		0.251093
0.426	0.250945	0.250212
0.428	0.250072	0.249353
0.43	0.249209	0.248503
0.432	0.2484		0.247668
0.434	0.249744	0.249029
0.436	0.24885		0.248148
0.438	0.247978	0.24729
0.44	0.247116	0.24644
0.442	0.24635		0.245604
0.444	0.247671	0.246942
0.446	0.246778	0.246062
0.448	0.245907	0.245204
0.45	0.245046	0.244356
0.452	0.244244	0.243523
0.454	0.245543	0.244838
0.456	0.244652	0.243961
0.458	0.243783	0.243105
0.46	0.242924	0.242258
0.462	0.24216		0.241425
0.464	0.243437	0.24272
0.466	0.242549	0.241844
0.468	0.241683	0.240991
0.47	0.240826	0.240147
0.472	0.240024	0.239318
0.474	0.241282	0.240593
0.476	0.240397	0.239721
0.478	0.239534	0.238871
0.48	0.238681	0.23803
0.482	0.237919	0.237202
0.484	0.239158	0.238457
0.486	0.238276	0.237589
0.488	0.237417	0.236742
0.49	0.236567	0.235905
0.492	0.235774	0.235082
0.494	0.236994	0.236319
0.496	0.236117	0.235455
0.498	0.235262	0.234612
0.5	0.234417	0.233779
0.502	0.233657	0.232959
0.504	0.234861	0.234178
0.506	0.233988	0.233318
0.508	0.233138	0.23248
0.51	0.232297	0.231651
0.512	0.231513	0.230836
0.514	0.2327		0.232039
0.516	0.231832	0.231184
0.518	0.230987	0.230351
0.52	0.230151	0.229526
0.522	0.229406	0.228715
0.524	0.230576	0.229902
0.526	0.229714	0.229052
0.528	0.228873	0.228223
0.53	0.228042	0.227404
0.532	0.227261	0.226599
0.534	0.228416	0.22777
0.536	0.227559	0.226925
0.538	0.226724	0.226102
0.54	0.225899	0.225288
0.542	0.225163	0.224487
0.544	0.226302	0.225642
0.546	0.225452	0.224804
0.548	0.224622	0.223986
0.55	0.223802	0.223178
0.552	0.223035	0.222383
0.554	0.224161	0.223524
0.556	0.223316	0.222691
0.558	0.222493	0.221879
0.56	0.221679	0.221077
0.562	0.220952	0.220286
0.564	0.222063	0.221413
0.566	0.221225	0.220587
0.568	0.220407	0.219781
0.57	0.219599	0.218984
0.572	0.218843	0.218201
0.574	0.21994		0.219314
0.576	0.219108	0.218493
0.578	0.218297	0.217693
0.58	0.217495	0.216903
0.582	0.216778	0.216124
0.584	0.217862	0.217224
0.586	0.217037	0.21641
0.588	0.216231	0.215616
0.59	0.215435	0.214831
0.592	0.214686	0.21406
0.594	0.215757	0.215147
0.596	0.214938	0.214339
0.598	0.21414		0.213552
0.6	0.213351	0.212773
0.602	0.212644	0.212007
0.604	0.213703	0.213081
0.606	0.212891	0.21228
0.608	0.212099	0.211499
0.61	0.211316	0.210727
0.612	0.210582	0.209968
0.614	0.211629	0.211029
0.616	0.210823	0.210235
0.618	0.210038	0.209461
0.62	0.209262	0.208695
0.622	0.208565	0.207941
0.624	0.2096		0.20899
0.626	0.208801	0.208203
0.628	0.208022	0.207435
0.63	0.207252	0.206676
0.632	0.206527	0.20593
0.634	0.20755		0.206967
0.636	0.206759	0.206186
0.638	0.205987	0.205425
0.64	0.205224	0.204672
0.642	0.204542	0.203931
0.644	0.205553	0.204957
0.646	0.204768	0.204183
0.648	0.204003	0.203429
0.65	0.203247	0.202682
0.652	0.202537	0.201949
0.654	0.203538	0.202964
0.656	0.20276		0.202197
0.658	0.202001	0.201448
0.66	0.201251	0.200709
0.662	0.200582	0.199981
0.664	0.201572	0.200984
0.666	0.2008		0.200224
0.668	0.200048	0.199483
0.67	0.199305	0.19875
0.672	0.198607	0.198029
0.674	0.199586	0.199022
0.676	0.198822	0.198268
0.678	0.198077	0.197534
0.68	0.19734		0.196807
0.682	0.196678	0.196092
0.684	0.197646	0.197074
0.686	0.196889	0.196328
0.688	0.196151	0.1956
0.69	0.195421	0.19488
0.692	0.194735	0.194172
0.694	0.195693	0.195144
0.696	0.194943	0.194404
0.698	0.194212	0.193683
0.7	0.193489	0.19297
0.702	0.192842	0.192268
0.704	0.19379		0.193229
0.706	0.193047	0.192496
0.708	0.192322	0.191781
0.71	0.191605	0.191074
0.712	0.190931	0.19038
0.714	0.191869	0.191331
0.716	0.191133	0.190605
0.718	0.190415	0.189897
0.72	0.189705	0.189197
0.722	0.189071	0.188508
0.724	0.189998	0.189449
0.726	0.189269	0.188729
0.728	0.188557	0.188028
0.73	0.187854	0.187334
0.732	0.187198	0.186653
0.734	0.188116	0.187584
0.736	0.187393	0.186871
0.738	0.186689	0.186176
0.74	0.185993	0.18549
0.742	0.185367	0.184814
0.744	0.186275	0.185735
0.746	0.185559	0.185029
0.748	0.184861	0.184341
0.75	0.184171	0.18366
0.752	0.183521	0.182992
0.754	0.18442		0.183903
0.756	0.183711	0.183204
0.758	0.18302		0.182523
0.76	0.182337	0.181849
0.762	0.181726	0.181185
0.764	0.182616	0.182088
0.766	0.181914	0.181395
0.768	0.181229	0.18072
0.77	0.180553	0.180052
0.772	0.179917	0.179396
0.774	0.180797	0.180289
0.776	0.180102	0.179604
0.778	0.179424	0.178935
0.78	0.178754	0.178274
0.782	0.17815		0.177623
0.784	0.179022	0.178507
0.786	0.178333	0.177828
0.788	0.177661	0.177165
0.79	0.176998	0.176511
0.792	0.176376	0.175867
0.794	0.177239	0.176742
0.796	0.176557	0.176069
0.798	0.175892	0.175413
0.8	0.175235	0.174765
0.802	0.174645	0.174127
0.804	0.175499	0.174993
0.806	0.174823	0.174326
0.808	0.174164	0.173677
0.81	0.173514	0.173035
0.812	0.172903	0.172404
0.814	0.173748	0.173261
0.816	0.173079	0.172601
0.818	0.172427	0.171958
0.82	0.171782	0.171322
0.822	0.171204	0.170696
0.824	0.172041	0.171544
0.826	0.171378	0.170891
0.828	0.170732	0.170254
0.83	0.170094	0.169624
0.832	0.169495	0.169005
0.834	0.170323	0.169845
0.836	0.169667	0.169198
0.838	0.169028	0.168567
0.84	0.168396	0.167943
0.842	0.167829	0.16733
0.844	0.168648	0.168161
0.846	0.167999	0.16752
0.848	0.167365	0.166896
0.85	0.166739	0.166278
0.852	0.166151	0.165671
0.854	0.166963	0.166494
0.856	0.16632		0.16586
0.858	0.165692	0.165241
0.86	0.165073	0.164629
0.862	0.164516	0.164028
0.864	0.165319	0.164842
0.866	0.164682	0.164214
0.868	0.164061	0.163601
0.87	0.163447	0.162996
0.872	0.162871	0.162401
0.874	0.163666	0.163207
0.876	0.163036	0.162585
0.878	0.162421	0.161978
0.88	0.161813	0.161379
0.882	0.161266	0.160789
0.884	0.162053	0.161587
0.886	0.161429	0.160971
0.888	0.16082		0.16037
0.89	0.160218	0.159777
0.892	0.159654	0.159193
0.894	0.160433	0.159983
0.896	0.159815	0.159373
0.898	0.159212	0.158779
0.9	0.158616	0.158191
0.902	0.15808		0.157612
0.904	0.158851	0.158394
0.906	0.158239	0.157791
0.908	0.157642	0.157202
0.91	0.157052	0.15662
0.912	0.156499	0.156048
0.914	0.157262	0.156822
0.916	0.156656	0.156224
0.918	0.156065	0.155641
0.92	0.155481	0.155065
0.922	0.154958	0.154498
0.924	0.155713	0.155264
0.926	0.155113	0.154672
0.928	0.154528	0.154095
0.93	0.153949	0.153524
0.932	0.153408	0.152963
0.934	0.154156	0.153722
0.936	0.153562	0.153136
0.938	0.152982	0.152564
0.94	0.15241		0.151999
0.942	0.151894	0.151443
0.944	0.152635	0.152194
0.946	0.152046	0.151614
0.948	0.151472	0.151048
0.95	0.150905	0.150489
0.952	0.150372	0.149939
0.954	0.151105	0.150683
0.956	0.150523	0.150108
0.958	0.149955	0.149548
0.96	0.149393	0.148994
0.962	0.14889		0.148449
0.964	0.149615	0.149185
0.966	0.149039	0.148616
0.968	0.148476	0.148061
0.97	0.14792		0.147513
0.972	0.147398	0.146974
0.974	0.148117	0.147702
0.976	0.147546	0.147139
0.978	0.146989	0.14659
0.98	0.146439	0.146047
0.982	0.145946	0.145512
0.984	0.146658	0.146234
0.986	0.146092	0.145676
0.988	0.145541	0.145132
0.99	0.144996	0.144595
0.992	0.144483	0.144066
0.994	0.145188	0.144781
0.996	0.144628	0.144228
0.998	0.144082	0.14369
1	0.143543	0.143158
		
		
		
		
		
		
		
		
		
		
		
		
		
		
		
		
		
		
		
		
		
		
		
		
		
		
		
		
		
		
		
		
		
		
		
		
		
		
		
		
		
		
		
		
		
		
		
		
		
		
		
		
		
		
		
		
		
		
		
		
		
		
		
		
		
		
		
		
		
		
		
		
		
		
		
		
		
		
		
		
		
		
		
		
		
		
		
		
		
		
		
		
		
		
		
		
		
		
		
		
		
		
		
		
		
		
		
		
		
		
		
		
		
		
		
		
		
		
		
		
		
		
		
		
		
		
		
		
		
		
		
		
		
		
		
		
		
		
		
		
		
		
		
		
		
		
		
		
		
		
		
		
		
		
		
		
		
		
		
		
		
		
		
		
		
		
		
		
		
		
		
		
		
		
		
		
		
		
		
		
		
		
		
		
		
		
		
		
		
		
		
		
		
		
		
		
		
		
		
		
		
		
		
		
		
		
		
		
		
		
		
		
		
		
		
		
		
		
		
		
		
		
		
		
		
		
		
		
		
		
		
		
		
		
		
		
		
		
		
		
		
		
		
		
		
		
		
		
		
		
		
		
		
		
		
		
		
		
		
		
		
		
		
		
		
		
		
		
		
		
		
		
		
		
		
		
		
		
		
		
		
		
		
		
		
		
		
		
		
		
		
		
		
		
		
		
		
		
		
		
		
		
		
		
		
		
		
		
		
		
		
		
		
		
		
		
		
		
		
		
		
		
		
		
		
		
		
		
		
		
		
		
		
		
		
		
		
		
		
		
		
		
		
		
		
		
		
		
		
		
		
		
		
		
		
		
		
		
		
		
		
		
		
		
		
		
		
		
		
		
		
		
		
		
		
		
		
		
		
		
		
		
		
		
		
		
		
		
		
		
		
		
		
		
		
		
		
		
		
		
		
		
		
		
		
		
		
		
		
		
		
		
		
		
		
		
		
		
		
		
		
		
		
		
		
		
		
		
		
		
		
		
		
		
		
		
		
		
		
		
		
		
		
		
		
		
		
		
		
		
		
		
		
		
		
		
		
		
		
		
		
		
		
		
		
		
		
		
		
		
		
		
		
		
		
		
		
		
		
		
		
		
		
		
		
		
		
		
		
		
		
		
		
		
		
		
		
		
		
		
